#OTU ID	F1701173	F1701181	F1701186	F1701170	F1701176	F1701175	F1701179	F1701178	F1701177	F1701183	F1701184	F1701172	F1701182
OTU4	5534	631	746	1583	795	11528	712	353	367	807	240	11912	47
OTU6	3224	58	4926	92	325	2210	340	508	497	856	615	40	1929
OTU184	160	20	14	104	16	29	24	58	72	37	18	39	64
OTU2	5546	3783	134	0	6527	6579	489	6625	2991	120	29	8491	22
OTU66	110	65	3	59	16	11	16	66	122	18	12	5	152
OTU95	183	0	0	0	10	0	7	23	49	5	2	23	5
OTU1	3917	1287	805	855	2554	1791	1860	1335	807	4435	6681	2971	7583
OTU28	832	0	1	3	0	533	0	0	2	1	0	287	0
OTU5	1157	1	268	137	1	288	0	3	10	9026	4949	731	4301
OTU25	1158	37	14	1456	42	324	64	80	167	192	164	323	260
OTU30	509	3	40	110	5	240	1	11	10	139	64	86	445
OTU7	592	2446	3429	1381	1284	10	2385	3817	4377	265	289	421	172
OTU42	279	0	0	0	0	344	0	0	4	0	0	612	0
OTU18	1165	0	0	0	0	1318	1	0	4	1	0	1186	0
OTU51	404	65	10	11	11	149	10	25	15	17	12	242	0
OTU53	891	12	9	20	13	101	63	17	37	17	12	142	39
OTU135	47	0	0	0	0	0	0	1	2	0	0	7	0
OTU52	182	330	0	184	139	2	358	376	649	4	2	13	21
OTU12	1740	684	401	548	598	3132	293	653	524	386	465	1380	4
OTU150	29	0	0	0	1	0	0	4	6	0	0	5	0
OTU88	202	0	0	0	0	18	0	0	2	0	0	37	0
OTU10	288	246	517	0	133	31	338	111	237	1341	967	167	2706
OTU93	192	0	0	0	0	0	0	0	0	0	0	3	0
OTU79	22	3	28	27	4	0	8	1	1	177	52	17	86
OTU38	219	28	40	1127	28	14	54	63	94	104	107	49	446
OTU101	115	0	0	0	1	0	4	10	17	11	1	6	14
OTU231	6	0	0	0	0	0	0	0	0	0	0	2	1
OTU142	35	0	27	15	0	10	3	0	1	5	2	36	12
OTU61	32	151	8	175	166	13	217	30	19	21	6	87	3
OTU43	220	9	109	947	1	476	10	2	15	11	8	121	27
OTU65	25	17	14	183	13	1	30	11	20	67	60	9	93
OTU59	190	0	309	226	0	129	0	0	1	214	151	18	6
OTU89	19	5	10	18	5	19	2	7	16	47	50	0	172
OTU217	45	1825	139	1198	2923	87	1382	3035	2424	87	4	88	3
OTU29	94	72	132	108	72	10	105	27	35	390	154	177	251
OTU119	66	2	1	51	0	4	2	2	5	0	2	3	8
OTU236	5	1	0	0	0	1	0	1	1	0	0	1	0
OTU125	34	1	15	18	0	6	0	0	0	0	0	10	1
OTU131	68	0	0	0	0	0	0	0	0	1	2	2	6
OTU218	8	0	0	1	0	0	0	1	2	0	0	0	2
OTU58	39	0	78	36	1	30	0	1	0	92	73	3	319
OTU167	23	0	0	0	1	0	0	2	3	0	0	1	0
OTU139	26	0	2	0	0	20	0	0	0	0	2	0	2
OTU92	23	3	16	50	0	145	1	0	3	1	0	3	2
OTU235	5	0	0	0	0	0	0	0	0	0	0	0	0
OTU168	15	9	4	1	18	49	10	7	9	1	1	50	0
OTU182	2	1	0	0	1	0	7	1	1	3	1	4	0
OTU49	7	79	53	11	78	1	365	62	148	2	0	1	10
OTU147	17	9	3	0	27	53	2	8	8	0	0	48	0
OTU161	33	0	0	0	0	0	0	0	3	1	1	2	1
OTU73	44	21	27	5	25	5	47	34	93	13	24	1	43
OTU176	13	0	0	0	0	2	1	1	2	1	1	2	2
OTU146	1	0	2	36	0	1	0	0	1	1	0	1	6
OTU122	25	6	1	2	9	2	5	0	8	2	4	4	4
OTU34	14	86	24	0	145	1	598	93	264	22	1	0	10
OTU19	3	508	2	1	535	0	2440	226	1000	1	1	3	6
OTU110	14	3	6	63	0	0	0	0	0	7	1	4	9
OTU14	20	824	126	329	869	1	1422	445	733	39	20	3	32
OTU55	17	0	198	328	0	169	0	2	3	1	6	6	13
OTU238	6	0	0	0	0	0	0	0	0	0	0	0	0
OTU67	3	5	6	229	3	0	11	24	36	31	42	1	144
OTU123	28	0	0	0	2	0	3	12	26	4	2	2	0
OTU249	3	0	0	0	0	0	0	1	0	0	0	0	0
OTU15	1	0	0	3782	1	0	0	2	3	0	3	1	0
OTU54	9	171	49	0	62	14	51	85	58	96	55	54	7
OTU26	1	437	181	55	200	0	282	158	457	2	0	0	5
OTU229	2	6	0	2	2	1	6	2	10	2	0	3	0
OTU3	4	3071	4784	5914	5570	2	3323	2021	2132	2961	6677	1	81
OTU130	8	1	2	26	3	1	7	11	10	5	5	15	16
OTU94	8	14	2	3	24	0	89	31	30	4	2	5	7
OTU152	1	0	0	0	1	0	0	0	35	0	1	1	1
OTU172	1	0	0	0	1	0	1	4	13	13	4	0	6
OTU159	8	0	0	0	0	0	0	0	3	2	6	5	13
OTU237	1	4	0	0	0	0	0	0	1	0	1	0	0
OTU106	1	29	8	0	10	0	23	22	49	4	5	0	29
OTU62	1	31	129	52	29	0	65	31	52	30	69	0	153
OTU132	5	0	11	35	0	6	0	3	4	0	0	0	0
OTU136	2	39	26	90	3	0	3	10	26	1	5	3	3
OTU246	4	0	0	0	0	3	0	0	1	0	0	0	0
OTU260	2	0	0	0	0	0	4	0	0	0	0	6	0
OTU47	2	340	26	4	52	0	88	69	140	18	17	1	84
OTU78	2	60	56	30	54	0	92	22	59	0	0	0	5
OTU151	3	2	6	1	3	0	7	10	13	6	4	0	6
OTU156	1	0	0	3	1	0	4	5	8	6	3	1	13
OTU113	1	987	549	355	1324	2	674	332	268	1464	1062	2	9
OTU202	1	0	0	15	0	0	0	0	2	0	0	0	0
OTU143	2	0	11	0	0	0	0	0	2	5	7	0	24
OTU180	1	10	0	0	0	0	2	1	6	0	0	1	1
OTU31	0	886	0	0	111	0	326	80	165	0	0	0	0
OTU145	0	249	0	60	93	0	615	65	123	0	0	0	0
OTU107	0	117	0	0	0	0	0	2	0	0	0	0	0
OTU50	0	433	66	2	177	0	149	627	459	8	5	0	26
OTU17	0	707	0	406	439	0	1491	1018	603	0	0	0	0
OTU33	0	399	194	0	127	0	245	37	111	20	33	0	164
OTU24	0	587	0	1	193	0	555	353	550	0	0	0	3
OTU13	0	601	1359	0	252	0	147	718	881	669	1271	0	6
OTU40	0	93	152	121	62	0	76	83	92	114	27	0	279
OTU220	0	38	71	1	13	0	49	25	36	3	9	0	15
OTU32	0	782	0	1	28	0	208	54	258	0	0	0	0
OTU16	0	677	19	193	236	0	1239	717	572	7	25	0	24
OTU160	0	18	0	0	10	0	35	10	8	0	0	0	0
OTU191	0	236	224	2	295	0	423	304	196	27	19	0	185
OTU27	0	207	39	0	313	0	475	226	327	1	4	0	1
OTU60	0	195	18	330	25	0	71	24	45	7	6	0	10
OTU45	0	414	15	24	50	0	134	112	184	0	1	0	0
OTU56	0	410	40	0	8	0	51	58	99	0	0	0	0
OTU63	0	121	207	1042	1	0	26	11	68	10	9	0	7
OTU44	0	56	136	0	76	0	85	285	283	8	3	0	1
OTU11	0	506	0	1	644	0	1408	1575	2043	0	0	0	0
OTU69	0	205	3	1	47	0	72	72	110	1	1	0	0
OTU37	0	701	0	0	110	0	434	124	180	0	0	0	0
OTU35	0	513	480	696	312	0	188	277	247	84	57	1	3
OTU192	0	20	0	0	8	0	6	9	21	0	0	0	0
OTU72	0	187	0	14	57	0	76	73	67	5	2	3	0
OTU271	0	35	19	269	17	0	28	50	44	68	30	0	163
OTU84	0	137	45	0	8	0	19	10	25	4	1	0	10
OTU77	0	64	0	0	47	0	189	26	55	0	0	0	0
OTU70	0	48	0	0	40	1	226	59	95	0	1	0	1
OTU23	0	365	889	0	40	0	28	353	346	275	454	0	1
OTU76	0	114	0	28	32	0	81	54	63	0	0	0	0
OTU224	0	1	0	2	2	0	1	4	0	0	0	0	0
OTU175	0	6	0	0	2	0	2	0	4	4	1	0	0
OTU103	0	38	0	0	6	0	45	14	71	1	0	0	3
OTU111	0	44	8	0	5	1	8	21	23	1	6	0	14
OTU36	0	22	24	1314	3	0	9	5	35	2	3	0	8
OTU71	0	102	102	45	38	0	63	38	71	96	58	0	212
OTU99	0	53	0	0	31	0	30	23	26	0	0	0	0
OTU75	0	125	0	0	32	1	55	80	82	0	0	0	0
OTU121	0	32	0	0	7	0	29	26	17	0	0	0	0
OTU81	0	22	16	0	29	0	94	28	36	24	23	0	51
OTU85	0	149	0	0	11	0	57	18	42	0	0	0	1
OTU96	0	23	16	0	44	0	78	28	43	0	0	0	0
OTU155	0	22	0	0	5	0	12	2	13	0	0	0	0
OTU21	0	66	70	78	526	0	658	35	184	367	325	0	563
OTU82	0	46	0	0	14	0	164	31	45	0	0	0	0
OTU126	0	50	0	0	23	0	33	43	50	0	0	0	0
OTU68	0	48	0	138	94	0	20	162	63	0	0	0	0
OTU177	0	2	1	8	2	0	10	0	1	4	4	0	7
OTU46	0	31	0	0	37	0	91	181	523	0	0	0	0
OTU114	0	15	127	41	2	0	26	8	27	1	3	0	39
OTU74	0	19	0	395	9	0	11	17	22	0	0	0	0
OTU234	0	3	0	0	0	0	1	1	1	0	0	0	0
OTU178	0	7	1	14	5	0	10	15	4	0	0	0	1
OTU39	0	10	25	13	47	0	71	107	76	279	117	0	376
OTU120	0	32	5	10	18	1	30	19	32	2	0	0	14
OTU80	0	25	0	0	24	0	181	42	80	6	6	0	19
OTU22	0	52	652	0	17	0	25	59	44	209	158	1	1631
OTU90	0	4	1	207	5	0	7	6	12	2	2	0	14
OTU153	0	10	6	16	4	0	5	10	7	1	3	0	1
OTU117	0	18	0	0	11	0	30	31	18	0	0	0	0
OTU48	0	110	0	0	113	0	211	191	247	0	0	0	0
OTU100	0	4	0	1	5	0	97	11	17	0	0	0	0
OTU112	0	20	69	0	4	0	3	30	27	7	11	0	8
OTU164	0	1	0	0	9	0	13	4	8	0	0	0	0
OTU108	0	9	0	1	13	0	26	26	39	0	0	1	0
OTU212	0	5	0	0	0	0	2	1	4	0	1	0	0
OTU199	0	2	0	0	0	0	4	3	2	0	0	0	0
OTU141	0	1	0	0	0	0	5	4	9	4	11	0	18
OTU134	0	13	0	0	10	0	8	7	30	0	0	0	0
OTU173	0	5	0	0	1	0	15	4	13	0	0	0	1
OTU83	0	9	21	26	7	0	8	11	11	40	10	0	155
OTU267	0	2	0	1	0	0	0	1	0	0	0	0	0
OTU166	0	11	0	0	3	0	3	3	9	0	0	0	0
OTU201	0	6	0	0	2	0	6	1	3	0	0	0	0
OTU247	0	2	0	0	1	0	0	0	3	0	0	0	0
OTU277	0	1	0	5	0	0	0	0	0	0	0	0	0
OTU154	0	5	4	7	4	0	7	2	3	1	0	0	9
OTU138	0	2	0	0	5	0	16	11	19	0	0	0	0
OTU219	0	4	0	0	1	0	2	2	1	0	0	0	0
OTU102	0	11	4	0	11	0	28	18	13	20	8	0	12
OTU165	0	4	6	0	3	0	32	11	27	3	2	0	12
OTU181	0	5	0	0	0	0	5	3	2	0	0	0	0
OTU64	0	9	294	28	13	0	29	7	18	19	56	0	172
OTU9	0	3	1256	787	2	0	8	12	11	1742	1318	0	1777
OTU198	0	1	0	0	2	0	0	0	0	6	1	0	6
OTU254	0	2	7	8	2	0	1	1	2	155	59	0	68
OTU275	0	1	0	0	0	0	1	1	1	0	0	0	0
OTU115	0	1	11	22	3	0	3	7	9	11	2	0	43
OTU128	0	2	1	2	1	0	5	6	8	6	15	1	25
OTU190	0	1	0	0	1	0	10	4	9	0	0	0	0
OTU214	0	2	0	0	1	0	3	1	2	0	0	0	0
OTU116	0	3	6	7	0	0	0	0	0	17	32	1	91
OTU189	0	3	0	1	0	0	12	5	7	0	0	0	0
OTU265	0	2	2	0	1	0	0	2	2	0	0	0	0
OTU186	0	1	0	0	0	0	3	2	8	0	0	0	0
OTU204	0	1	3	0	1	0	3	1	2	2	0	0	2
OTU213	0	1	0	0	0	0	1	2	4	0	0	1	0
OTU118	0	0	138	0	0	0	1	0	2	0	0	1	0
OTU163	0	0	2	0	0	0	0	0	0	31	0	0	0
OTU20	0	0	1512	6	0	0	0	0	0	541	1014	0	5
OTU8	0	0	2058	0	0	0	0	0	5	993	1007	1	3000
OTU109	0	0	101	0	0	0	0	0	2	5	6	0	6
OTU148	0	0	38	3	0	0	0	0	1	1	0	0	0
OTU133	0	0	31	73	0	0	0	0	0	4	11	0	1
OTU57	0	0	199	0	0	0	0	0	3	103	140	0	286
OTU105	0	0	76	0	0	0	0	0	0	15	25	0	0
OTU41	0	0	452	0	0	0	0	0	0	194	287	0	128
OTU206	0	0	5	0	0	0	0	0	0	0	0	0	5
OTU162	0	0	14	11	0	0	0	0	0	2	0	0	0
OTU187	0	0	5	12	0	0	0	0	0	0	0	0	0
OTU140	0	0	4	0	0	50	0	0	0	0	0	0	0
OTU179	0	0	22	0	0	0	0	1	2	1	0	0	0
OTU203	0	0	3	5	0	0	0	0	0	4	1	0	3
OTU127	0	0	68	0	0	0	0	0	0	0	4	0	0
OTU280	0	0	2	0	0	0	0	0	0	1	0	0	2
OTU87	0	0	1	264	0	0	0	0	0	0	0	0	0
OTU98	0	0	11	0	0	0	0	0	1	41	19	0	192
OTU250	0	0	1	0	0	0	0	0	0	4	0	0	0
OTU223	0	0	3	0	0	0	0	0	0	8	0	0	0
OTU195	0	0	1	6	1	0	1	1	0	1	1	0	13
OTU252	0	0	1	0	0	0	0	0	0	2	0	0	4
OTU97	0	0	2	149	4	0	2	5	2	0	2	0	3
OTU104	0	0	1	1	0	0	0	2	3	16	20	0	99
OTU233	0	0	2	0	0	0	0	0	0	0	0	0	4
OTU253	0	0	1	0	0	0	0	0	0	1	2	1	1
OTU256	0	0	1	0	0	0	0	0	0	2	0	0	3
OTU91	0	0	0	195	0	2	2	0	2	0	0	0	0
OTU86	0	0	0	284	0	0	0	0	0	0	0	0	0
OTU169	0	0	0	26	0	0	0	0	0	0	0	0	0
OTU227	0	0	0	120	0	0	0	1	4	0	0	0	0
OTU194	0	0	0	15	0	0	0	0	0	0	0	0	2
OTU185	0	0	0	14	0	0	0	0	0	0	0	0	2
OTU174	0	0	0	22	0	0	0	0	1	0	0	0	0
OTU158	0	0	0	38	0	0	0	0	1	0	0	0	0
OTU124	0	0	0	65	0	0	0	0	0	0	0	0	0
OTU137	0	0	0	56	0	0	0	0	0	0	0	0	0
OTU196	0	0	0	11	0	0	0	1	1	0	1	0	0
OTU144	0	0	0	49	0	0	0	2	2	0	1	0	1
OTU170	0	0	0	21	0	0	0	0	0	0	0	0	4
OTU157	0	0	0	11	0	30	0	0	0	0	0	0	0
OTU216	0	0	0	8	0	0	0	0	0	0	0	0	0
OTU211	0	0	0	10	0	0	0	0	0	0	0	0	0
OTU279	0	0	0	5	0	0	0	0	0	1	0	1	0
OTU188	0	0	0	14	0	0	0	0	0	0	0	0	2
OTU262	0	0	0	3	0	0	0	0	1	0	0	0	0
OTU183	0	0	0	4	13	0	0	3	0	0	0	0	0
OTU244	0	0	0	8	0	0	0	0	0	0	0	0	0
OTU266	0	0	0	2	0	0	0	1	1	0	0	0	0
OTU241	0	0	0	4	0	0	0	0	0	0	0	0	0
OTU226	0	0	0	6	0	0	0	0	0	0	0	0	0
OTU285	0	0	0	3	0	0	1	1	1	0	0	0	0
OTU230	0	0	0	6	0	0	0	0	0	0	0	0	0
OTU149	0	0	0	1	31	0	0	4	0	0	0	0	0
OTU200	0	0	0	0	10	0	0	3	0	0	0	0	0
OTU171	0	0	0	0	21	0	1	0	3	0	0	0	0
OTU197	0	0	0	0	7	0	0	3	0	1	0	0	0
OTU215	0	0	0	0	9	0	0	5	0	1	0	0	1
OTU225	0	0	0	0	7	0	0	3	0	0	0	0	0
OTU232	0	0	0	0	6	0	0	1	0	0	0	0	0
OTU210	0	0	0	0	6	0	0	4	0	0	0	0	0
OTU268	0	0	0	0	2	0	0	0	2	0	0	0	0
OTU208	0	0	0	0	1	0	2	2	4	0	0	0	0
OTU221	0	0	0	0	2	0	0	4	3	0	0	0	0
OTU228	0	0	0	0	1	0	0	1	4	0	0	0	0
OTU263	0	0	0	0	1	0	1	4	4	2	0	0	0
OTU207	0	0	0	0	0	0	3	3	6	0	0	0	0
OTU255	0	0	0	0	0	0	2	0	0	1	7	0	0
OTU222	0	0	0	0	0	0	1	2	4	0	0	0	0
OTU258	0	0	0	0	0	0	1	1	1	1	1	0	1
OTU264	0	0	0	0	0	0	0	1	2	0	0	0	1
OTU205	0	0	0	0	0	0	0	5	12	1	0	0	0
OTU248	0	0	0	0	0	0	0	2	2	0	0	0	0
OTU193	0	0	0	0	0	0	0	4	9	0	0	0	0
OTU209	0	0	0	0	0	0	0	4	5	0	2	0	0
OTU274	0	0	0	0	0	0	0	1	2	0	0	0	1
OTU283	0	0	0	0	0	0	0	1	3	1	0	0	0
OTU259	0	0	0	0	0	0	0	0	1	1	0	0	2
OTU284	0	0	0	0	0	0	0	0	4	0	0	0	0
OTU129	0	0	0	0	0	0	0	0	0	33	22	0	8
OTU239	0	0	0	0	0	0	0	0	0	1	0	0	4
